-1.13494e+09 0 0 0
1 2.85067 -3.77929 -4.67302
2 49.6871 -29.2349 44.1627
3 -2.95285 -3.97869 5.02218
4 -0.627483 -1.06159 0.000395926
5 49.6871 -29.2349 44.1627
6 0.376204 0.913189 0.745676
7 -0.553215 -0.456188 -0.154427
8 1.24604 -4.16971 4.97938
9 -2.94045 -15.0258 13.8774
10 6.89401 -0.0823858 -4.41637
11 2.30143 -0.675312 1.23687
12 0.566633 -0.74278 1.02551
13 -0.220375 -2.92714 -3.68498
14 2.27076 0.69675 -1.15398
15 0.0298203 0.988476 0.115598
16 2.0563 -0.0291876 -3.03805
17 -3.04837 1.43449 3.48929
18 8.87684 -0.767107 12.9916
19 -0.461494 -0.463554 -1.63984
20 1.98694 0.142672 2.76853
21 4.52732 5.34865 -4.15863
22 -1.80465 1.4403 2.93978
23 -1.50325 -0.452253 0.016463
24 1.95578 0.505694 -2.28707
25 0.0599301 -0.949983 -0.908222
26 -0.98998 1.19495 -0.0721406
27 1.59538 -1.167 -2.16507
28 -1.2349 -2.58469 -5.30973
29 -0.882395 -1.81633 1.19229
30 -0.294002 1.03893 -1.31221
31 1.93847 -1.89047 2.4226
32 0.50964 -1.90951 -2.36982
33 3.74365 2.0742 -3.01357
34 -0.0737372 -3.19271 -4.06567
35 0.213965 0.986677 0.927851
36 0.604467 -1.99562 -0.807105
37 0.184214 1.25045 -1.28557
38 -1.01505 0.798221 1.23198
39 -1.11591 0.919045 -1.62711
40 -1.17393 -0.533392 0.0756557
41 0.814482 1.61431 -2.2936
42 -0.225665 0.763955 0.0665578
43 0.805547 0.640394 0.49008
44 -1.30545 -0.131726 -0.0407046
45 6.26661 6.81743 13.5413
46 0.130361 0.70763 0.189823
47 -0.835174 -4.08976 -5.1813
48 -0.618288 -0.304804 -0.418068
49 -2.14659 2.23123 1.53584
50 2.03205 -0.525009 1.45062
51 37.5927 -57.5838 53.0167
52 1.13194 0.907465 0.733513
53 -0.854417 1.04357 0.314646
54 0.714966 -0.961108 0.71138
55 -1.74024 0.37458 -0.628005
56 0.50363 0.774374 0.692295
57 22.4471 1.00097 20.0079
58 -0.451861 -1.05768 -1.39225
59 29.1256 -7.0797 20.5746
60 -3.28652 0.138065 1.89626
61 -1.69497 -0.234309 0.710252
62 -2.73003 0.516705 2.59555
63 -0.808173 -0.794948 -1.04234
64 1.61471 -0.992076 -2.08152
65 -0.556387 -0.958025 -0.540072
66 0.438613 0.819705 0.670114
67 29.1256 -7.0797 20.5746
68 -1.11255 -1.43513 -2.65961
69 0.182354 0.806035 0.13294
70 -1.59555 0.640764 -1.90895
71 -0.732933 -0.532355 -0.156434
72 -0.294002 1.03893 -1.31221
73 1.78207 0.634675 1.04524
74 -1.72039 1.65589 2.92286
75 -1.01132 8.53463 -0.70946
76 0.222934 2.08645 3.35342
77 49.6871 -29.2349 44.1627
78 1.57242 0.043052 1.0161
79 0.71986 0.887797 -0.87591
80 0.213965 0.986677 0.927851
81 -3.04837 1.43449 3.48929
82 0.638477 -1.12318 0.132425
83 19.5692 13.6044 -14.2531
84 0.181839 0.555163 -0.418727
85 -0.350587 -0.857966 -1.09633
86 0.518107 0.689883 0.839073
87 1.88909 -0.110078 2.22828
88 0.0817506 0.793954 -1.16263
89 1.78207 0.634675 1.04524
90 0.400008 -1.58227 -0.56386
91 -0.520121 0.839725 0.949832
92 4.08115 7.89157 -4.69955
93 1.90446 -1.06745 1.707
94 0.805599 -0.450814 0.477254
95 1.67322 -0.339574 -1.80031
96 4.26461 -9.99776 11.2104
97 1.18301 -0.694639 -0.967232
98 -79.7605 92.8906 130.539
99 0.549993 0.753694 0.566018
100 -0.96923 0.166798 -0.0470784
101 0.724429 0.415256 1.06952
102 -0.422356 0.535785 0.0301953
103 -0.026331 1.10427 -0.737653
104 1.70755 -0.830419 0.980804
105 1.94975 -3.39252 -3.65177
106 0.778953 -0.593101 0.0204507
107 0.767613 -5.45017 -3.36045
108 -1.88713 0.0737919 -2.62013
109 -2.10462 -0.0570539 -1.22617
110 -8.36327 1.20857 10.2492
111 -0.172087 1.45822 0.441167
112 -117.554 -65.254 -91.5001
113 16.9799 58.6687 -33.6172
114 0.073185 -0.785545 -0.477852
115 0.0817506 0.793954 -1.16263
116 -0.678075 2.59939 -3.22338
117 -1.21376 -0.570093 -0.145159
118 -2.34131 -1.21703 -2.31507
119 4.08115 7.89157 -4.69955
120 1.89273 -0.0457863 -1.84177
121 -1.12164 0.298236 -0.413242
122 -2.14127 -1.68654 1.26596
123 1.20958 0.663377 -0.00748872
124 0.544918 -0.602068 0.365117
125 -0.242894 -0.696022 -0.273768
126 0.0705013 -0.840574 -0.828453
127 16.9799 58.6687 -33.6172
128 0.700227 -0.445421 -0.364761
129 5.3205 1.94345 4.26232
130 -1.03298 0.210141 -1.15437
131 0.721201 -0.292784 0.294033
132 -0.304658 -1.484 -0.448492
133 1.89279 0.173114 -1.44753
134 0.619713 0.527856 0.0555104
135 0.116405 -1.47927 -1.1676
136 1.02736 0.136109 -0.338035
137 0.0519626 -1.52199 -2.30901
138 -2.82423 0.081281 -4.09562
139 5.49909 1.00004 7.42675
140 11.8314 -10.5291 25.0625
141 2.67443 -1.75928 -1.66337
142 -0.679863 1.38852 0.223638
143 -0.409496 1.8338 2.08544
144 -20.7787 32.8177 -54.8103
145 0.610537 -0.931985 0.390012
146 -0.0188282 1.21071 -0.13503
147 -1.75628 0.447712 -2.51785
148 -0.468956 -0.581147 -0.236556
149 -0.950852 -0.363429 -0.0733879
150 -0.40208 0.534445 0.0333623
151 1.02479 1.52848 1.09429
152 2.98 -2.78743 -4.13149
153 -2.80445 -0.428077 -4.17929
154 2.29423 3.4064 -1.64334
155 -0.2512 2.42219 -1.40715
156 3.31431 -4.37326 3.98006
157 -3.04837 1.43449 3.48929
158 0.508617 1.16659 0.46719
159 -2.30727 0.53186 0.908288
160 0.162743 2.01829 3.32512
161 1.93746 -1.86058 -1.45357
162 -59.3311 8.4162 30.8686
163 1.13125 -0.0762499 -0.865539
164 0.879793 0.9567 1.36415
165 -0.294002 1.03893 -1.31221
166 -0.682598 1.65978 -0.843105
167 0.491401 -1.15441 -0.302551
168 0.425055 -4.55082 3.31257
169 0.937784 0.0678281 0.536998
170 -2.30727 0.53186 0.908288
171 1.07421 -0.853619 0.352156
172 2.23351 0.478044 -1.47761
173 0.10053 -0.614369 0.342775
174 -2.73003 0.516705 2.59555
175 -0.569755 1.47023 1.59186
176 -4.15959 -1.52979 -5.32507
177 -0.220375 -2.92714 -3.68498
178 1.18173 0.420766 -0.158288
179 1.13186 -0.0552362 1.31624
180 0.416926 2.129 -1.99147
181 -0.602561 0.122829 -0.14101
182 6.28804 7.46095 -6.0095
183 1.59684 0.024863 -0.679131
184 0.22575 1.38287 0.0379157
185 0.988399 0.078599 1.04152
186 -1.41565 3.3359 3.73904
187 -0.790796 -0.330832 -0.53815
188 -9.2219 -26.1454 19.938
189 -0.347328 0.79411 -0.0959546
190 1.61471 -0.992076 -2.08152
191 -1.84925 0.402525 -0.497566
192 -0.0288809 -1.05334 -0.123292
193 1.79508 -0.605929 -0.740995
194 -2.10462 -0.0570539 -1.22617
195 16.9799 58.6687 -33.6172
196 -0.108803 -0.572813 -0.590707
197 1.41416 -0.33732 -0.52377
198 -7.99615 -21.9722 16.2428
199 -0.304658 -1.484 -0.448492
200 1.18173 0.420766 -0.158288
201 -1.2398 -0.629745 -0.462546
202 -0.549081 -1.74614 2.06566
203 16.9799 58.6687 -33.6172
204 -0.882395 -1.81633 1.19229
205 -0.75498 0.0413187 0.236429
206 -0.570565 -2.19751 1.50373
207 1.35907 -0.353997 -1.49597
208 -0.255061 1.29004 -0.990229
209 2.09785 0.13947 1.39278
210 -0.796024 -0.0271547 -0.54701
211 -2.71669 3.34502 -3.53754
212 0.788869 -0.0687149 0.197225
213 1.77082 1.94384 3.48569
214 1.73945 3.25879 -2.47714
215 0.808208 -0.161962 0.627436
216 0.611919 -1.68308 -0.927358
217 -20.7787 32.8177 -54.8103
218 -10.7992 -0.278745 -9.17598
219 0.686809 0.503734 -0.244361
220 -8.29905 -1.26512 -6.64934
221 6.98495 -4.70886 12.7807
222 0.50964 -1.90951 -2.36982
223 -0.790796 -0.330832 -0.53815
224 -1.15098 -0.533671 -0.0681284
225 -0.661762 2.01064 0.901155
226 0.698276 -0.334408 0.577585
227 -0.186854 1.42086 -1.55138
228 -8.36327 1.20857 10.2492
229 -0.906364 1.56424 0.726857
230 -1.46202 -0.330159 -0.722882
231 -0.471422 -1.22868 -1.75968
232 -164.558 -103.436 -311.656
233 2.15132 -4.00207 -3.45698
234 21.1113 14.8783 -16.3019
235 3.59239 -5.01333 -6.17449
236 1.93847 -1.89047 2.4226
237 1.039 0.00941743 -0.728425
238 0.55133 -1.27281 -0.403914
239 26.5772 29.0014 31.857
240 -11.5986 18.0604 15.3048
241 -1.41559 0.787081 0.508236
242 -1.69497 -0.234309 0.710252
243 0.915485 -0.47646 0.0355476
244 -1.89591 -0.0954301 -1.90281
245 -13.0223 7.05292 -13.3917
246 -0.882395 -1.81633 1.19229
247 -0.175996 1.31806 -0.177464
248 -0.993434 1.11426 -0.0135223
249 0.767613 -5.45017 -3.36045
250 1.71631 3.707 4.66416
251 -0.790796 -0.330832 -0.53815
252 0.100458 -1.44319 0.881948
253 -0.661762 2.01064 0.901155
254 -1.99503 3.75899 -3.33599
255 2.06757 3.00225 -2.3942
256 1.50223 0.344358 -1.57293
257 -2.96861 -8.48331 -8.92508
258 0.833939 -1.06608 -1.30807
259 3.74365 2.0742 -3.01357
260 1.07284 0.555145 0.39157
261 -1.60608 -3.01401 3.99388
262 1.98505 0.127686 1.12405
263 -31.1946 2.33212 22.4266
264 -1.08163 -0.795611 -0.639612
265 0.728705 -0.1831 0.463846
266 1.89279 0.173114 -1.44753
267 -1.56037 2.21547 1.29362
268 -0.790796 -0.330832 -0.53815
269 1.71631 3.707 4.66416
270 -0.586107 0.955245 -0.608171
271 22.4471 1.00097 20.0079
272 -0.308048 -0.600015 0.315781
273 1.51461 -0.874794 -2.04654
274 0.767613 -5.45017 -3.36045
275 -0.61254 1.19126 0.149445
276 2.64605 -1.34964 -2.0625
277 -0.587279 -0.742488 -0.576912
278 -1.04495 -1.94487 -2.82512
279 0.95405 1.16507 0.651249
280 0.540108 -0.23695 -0.128662
281 -1.70173 0.106314 -0.285901
282 1.39034 -0.414243 -1.02133
283 -0.0323453 -0.665372 -0.493576
284 -0.661762 2.01064 0.901155
285 1.99785 -0.244043 -2.3168
286 0.535438 -0.591452 0.640089
287 -0.479219 -1.43753 0.937096
288 -13.3989 -8.11173 4.67201
289 0.0344818 -1.32833 -1.50045
290 4.06513 -2.74111 6.14252
291 -1.40893 0.635452 0.210069
292 -0.582895 -1.13892 0.384046
293 -0.950852 -0.363429 -0.0733879
294 1.19412 0.137319 0.0807356
295 -0.587279 -0.742488 -0.576912
296 -2.37849 2.30342 -2.06322
297 -0.790796 -0.330832 -0.53815
298 22.5264 -0.00731221 18.042
299 -1.1264 -0.3185 -0.0414942
300 0.960943 1.314 -2.12679
301 -12.9298 0.907075 -19.9242
302 -0.179341 0.911204 -0.831205
303 0.673743 -0.59033 0.542904
304 -0.661762 2.01064 0.901155
305 -2.27326 1.11226 -1.76172
306 0.171467 -3.90095 -1.23011
307 -0.7505 -0.452202 -1.38792
308 2.7546 -0.134431 -1.79023
309 0.852256 -0.689614 0.871669
310 1.04937 0.166648 1.15106
311 0.75563 0.183285 -0.269234
312 -1.84925 0.402525 -0.497566
313 -1.51228 0.417752 -1.08471
314 -20.7787 32.8177 -54.8103
315 -4.15959 -1.52979 -5.32507
316 0.82875 -1.11364 -0.169084
317 2.7546 -0.134431 -1.79023
318 0.805547 0.640394 0.49008
319 0.544918 -0.602068 0.365117
320 -1.57695 -0.180012 0.196398
321 4.75837 -0.0414477 3.80312
322 -1.15098 -0.533671 -0.0681284
323 -1.95061 0.6662 0.328418
324 -2.10462 -0.0570539 -1.22617
325 0.213965 0.986677 0.927851
326 -2.09701 0.307482 2.21877
327 -1.52171 -1.17417 0.97839
328 0.230166 -1.12104 -0.50148
329 0.131652 0.753387 -0.015412
330 -1.59555 0.640764 -1.90895
331 1.07512 -0.721127 -1.44122
332 3.74365 2.0742 -3.01357
333 2.62643 -1.69573 -2.14729
334 -1.96048 4.08459 5.13393
335 -2.37849 2.30342 -2.06322
336 -4.15959 -1.52979 -5.32507
337 1.25467 0.568502 -0.0608261
338 -0.584146 -1.13294 0.624497
339 65.0274 6.31862 -66.3145
340 0.187758 -0.711241 -0.171439
341 1.36857 -0.222027 0.316114
342 3.70458 -1.33937 -2.44236
343 8.20868 -3.94681 8.44945
344 0.0170584 -0.663318 0.082448
345 0.0742175 1.22726 1.15709
346 134.343 -124.485 303.514
347 -0.278372 -0.878553 -0.818804
348 1.44288 -0.952376 -0.931546
349 0.232442 -0.669948 0.0162593
350 0.814482 1.61431 -2.2936
351 -1.85979 1.78018 -3.00731
352 -1.08163 -0.795611 -0.639612
353 0.130361 0.70763 0.189823
354 -0.680883 -0.920262 -1.10953
355 0.0413074 0.800524 0.14292
356 3.54379 -3.80258 -6.47487
357 -0.728737 -0.587721 -1.32497
358 -1.43679 1.86317 1.20485
359 -2.68469 -0.431454 1.70128
360 -8.8637 -1.18287 6.28305
361 -0.0678071 0.868695 -0.196604
362 -0.685899 -0.259559 -0.0268804
363 -1.76032 1.63891 1.72882
364 1.64353 -0.745218 0.697389
365 -0.587279 -0.742488 -0.576912
366 5.5558 0.912198 7.75816
367 0.518107 0.689883 0.839073
368 -0.758037 0.411168 -0.235372
369 1.39034 -0.414243 -1.02133
370 0.988399 0.078599 1.04152
371 3.74365 2.0742 -3.01357
372 -0.739997 -0.687564 -1.89736
373 0.0371901 2.05651 -1.13816
374 0.535438 -0.591452 0.640089
375 -0.644651 -0.782603 -0.127237
376 -1.0032 2.57532 -1.66715
377 0.814482 1.61431 -2.2936
378 -0.0351152 -1.58409 1.94921
379 -0.85598 -0.907984 -0.303634
380 0.645348 -2.08755 -0.942528
381 -0.220375 -2.92714 -3.68498
382 8.17784 10.3476 -8.85543
383 0.0705013 -0.840574 -0.828453
384 0.724429 0.415256 1.06952
385 -0.795005 1.19765 0.969513
386 0.961228 0.985212 -0.623973
387 -0.350448 -0.572823 -0.365948
388 2.52241 -20.0372 -18.1226
389 -1.00242 0.421481 1.09053
390 -0.220375 -2.92714 -3.68498
391 1.15722 2.52098 -0.946595
392 -5.82253 11.7915 -9.64277
393 -13.8553 1.97575 7.18929
394 1.13194 0.907465 0.733513
395 -0.0207551 1.96854 1.9225
396 -2.89424 0.18963 1.09028
397 -0.452376 -1.26903 0.608023
398 -2.34131 -1.21703 -2.31507
399 1.23459 -0.220822 -0.841115
400 1.80142 1.0684 0.914285
401 -1.027 -1.10614 -1.86396
402 -1.37855 0.422866 1.35847
403 -0.739997 -0.687564 -1.89736
404 2.09785 0.13947 1.39278
405 -2.37849 2.30342 -2.06322
406 0.722785 -0.789377 1.15774
407 -0.134198 1.061 0.675292
408 0.388488 -0.704972 0.815836
409 0.130361 0.70763 0.189823
410 1.79508 -0.605929 -0.740995
411 -1.84925 0.402525 -0.497566
412 1.6369 0.950628 0.79292
413 0.00625984 2.06399 -1.03836
414 -1.56656 -1.48096 1.50522
415 1.42364 1.8966 2.82511
416 -0.739997 -0.687564 -1.89736
417 0.272225 0.672846 0.115752
418 0.247537 1.80572 0.601453
419 0.491401 -1.15441 -0.302551
420 4.37951 -1.48439 2.17689
421 0.116405 -1.47927 -1.1676
422 23.8647 -8.1798 -18.6563
423 -1.40893 0.635452 0.210069
424 -0.0885848 -0.804241 0.446489
425 -10.9426 -0.938098 -14.125
426 7.44266 -3.01172 13.1314
427 0.544918 -0.602068 0.365117
428 -0.140448 1.13825 0.705464
429 6.28804 7.46095 -6.0095
430 3.74365 2.0742 -3.01357
431 -0.0323453 -0.665372 -0.493576
432 -15.957 -21.0939 -26.9615
433 -0.620985 -0.943186 -1.13011
434 -1.19745 1.16268 -1.20031
435 -1.54598 -0.411866 -1.23433
436 0.470153 1.47718 -1.64987
437 -117.554 -65.254 -91.5001
438 1.5764 1.01293 2.78698
439 -0.83255 1.23555 0.405988
440 10.7268 -5.10266 17.802
441 0.676799 -0.228199 0.046909
442 -2.30727 0.53186 0.908288
443 -1.19123 -0.595875 -0.109917
444 -1.49163 1.50037 0.438883
445 -0.858924 1.75381 -0.886075
446 -1.20632 0.99573 -0.186259
447 0.161363 3.62448 -4.60444
448 0.930331 0.282169 -0.220861
449 24.1859 -23.9835 -2.16772
450 16.9799 58.6687 -33.6172
451 0.34637 2.1383 -2.05076
452 0.34637 2.1383 -2.05076
453 4.23723 6.83955 -5.75397
454 0.832422 -1.70381 1.28334
455 0.491401 -1.15441 -0.302551
456 0.814482 1.61431 -2.2936
457 -1.27976 -0.777272 1.10136
458 8.45774 -52.462 -60.2194
459 -1.01132 8.53463 -0.70946
460 0.0298203 0.988476 0.115598
461 0.718895 0.378728 -0.0726856
462 -15.7263 -6.0643 -16.3134
463 1.72728 8.03754 -5.61975
464 0.592018 -1.08915 0.225477
465 -0.645405 1.46906 -0.913671
466 -2.89975 0.446146 -2.76835
467 -0.140448 1.13825 0.705464
468 -1.51042 4.38114 3.87041
469 -0.293116 -1.01076 -0.58567
470 1.37867 0.20788 -1.17412
471 -45.1043 -31.37 -41.5165
472 0.0291861 -1.62572 0.836481
473 0.344389 -0.559783 -0.181327
474 -0.783895 1.91147 0.390475
475 -0.85598 -0.907984 -0.303634
476 4.01719 6.14825 -8.86203
477 0.926494 0.449424 -0.0691366
478 3.74365 2.0742 -3.01357
479 -0.7505 -0.452202 -1.38792
480 -0.617594 0.406234 -0.654538
481 -1.70173 0.106314 -0.285901
482 -0.0117177 -1.8447 -0.91211
483 -3.26469 -1.30264 2.1746
484 0.500595 -0.574588 0.61049
485 0.721201 -0.292784 0.294033
486 49.6871 -29.2349 44.1627
487 1.37041 -0.81793 1.26676
488 -0.710564 0.773685 -0.453554
489 0.653931 -0.903206 -0.887569
490 -0.584146 -1.13294 0.624497
491 -1.41565 3.3359 3.73904
492 9.59358 3.75683 -5.07982
493 -1.61558 0.405738 1.8123
494 -10.3445 20.7988 -17.1458
495 -0.587279 -0.742488 -0.576912
496 0.215693 1.83198 2.81839
497 -0.601883 1.22361 0.0678066
498 -0.849728 -0.730197 -0.146528
499 -0.0264221 0.764702 -0.00238166
500 -1.86905 -0.315388 2.19393
501 -0.986859 -0.625986 -0.148921
502 -0.661762 2.01064 0.901155
503 -0.00350768 -1.24257 -0.316675
504 0.130361 0.70763 0.189823
505 0.688781 1.12398 -0.351946
506 -0.790796 -0.330832 -0.53815
507 -0.150466 1.94494 -1.02388
508 2.42676 -0.619299 3.14777
509 -1.59555 0.640764 -1.90895
510 -0.125964 1.85054 0.711161
511 0.127876 4.96578 -2.98188
512 0.749071 0.476436 -0.387629
513 0.0599301 -0.949983 -0.908222
514 0.98051 -1.55368 0.808825
515 -8.22735 14.1338 12.7678
516 -0.557469 -2.1972 1.07452
517 0.140763 3.1922 -0.409465
518 4.86013 8.32018 -9.68502
519 1.37867 0.20788 -1.17412
520 4.08115 7.89157 -4.69955
521 -4.05325 -3.75039 4.26622
522 1.01743 -0.208766 -1.31098
523 -2.37849 2.30342 -2.06322
524 1.20297 -0.409529 0.404035
525 -2.34131 -1.21703 -2.31507
526 -0.294002 1.03893 -1.31221
527 -1.50613 -0.512388 0.687231
528 0.837997 1.10124 0.0707728
529 5.25287 2.0791 -3.91797
530 -0.678075 2.59939 -3.22338
531 0.208834 1.82539 -0.112607
532 0.222934 2.08645 3.35342
533 -1.0032 2.57532 -1.66715
534 3.70458 -1.33937 -2.44236
535 -1.06477 -1.09353 -1.49647
536 -8.36327 1.20857 10.2492
537 1.38881 -0.805633 0.38524
538 0.217463 -0.796157 0.13409
539 0.866983 -3.35371 -2.32932
540 0.940973 -0.322214 0.103011
541 -0.294002 1.03893 -1.31221
542 0.360901 0.988833 -1.01706
543 0.542315 -0.525075 0.496173
544 -0.569588 -1.05305 0.560762
545 0.470798 1.61176 1.85077
546 1.19415 1.26062 -1.72784
547 0.140763 3.1922 -0.409465
548 -1.03316 -0.336141 0.533736
549 0.111871 -0.760812 -0.15627
550 16.9799 58.6687 -33.6172
551 0.794055 0.442539 -0.762676
552 -1.26173 0.93262 1.62656
553 -0.790796 -0.330832 -0.53815
554 0.767613 -5.45017 -3.36045
555 -0.220375 -2.92714 -3.68498
556 0.594587 0.54706 -0.388994
557 0.814482 1.61431 -2.2936
558 -0.589338 -0.558159 -0.197554
559 -0.152135 0.82053 0.408517
560 0.566931 -0.488475 0.0519998
561 -0.661762 2.01064 0.901155
562 -0.0608726 1.71253 -0.539493
563 -0.669658 0.220526 0.341047
564 -1.83306 1.48106 3.01688
565 6.31512 1.87534 8.31746
566 -1.66318 0.489307 0.0191764
567 -9.83689 -1.43227 6.77441
568 -2.17559 1.44616 -2.55983
569 -0.939611 -0.272536 -0.114422
570 1.42764 -0.48811 0.333812
571 3.57633 1.93276 -2.9951
572 134.343 -124.485 303.514
573 0.450586 0.387444 0.113479
574 0.708991 -1.37061 -0.117205
575 1.62152 1.71264 3.04112
576 -0.752196 -0.0256437 -0.2154
577 -0.590384 -2.31244 -3.4812
578 -1.99168 0.379842 -1.06059
579 -1.11421 0.657638 0.194338
580 -0.944974 1.3726 1.97473
581 0.0599301 -0.949983 -0.908222
582 0.600397 2.47826 -1.62465
583 18.4427 -11.1625 -30.8169
584 -0.893363 -0.0394334 0.307782
585 -0.672073 2.03565 1.62857
586 -0.0323453 -0.665372 -0.493576
587 87.0172 -145.45 149.171
588 0.0536207 2.23405 -1.13774
589 -2.22752 0.65407 1.07244
590 1.47062 -0.647605 0.672454
591 -1.97832 -1.41093 -1.79322
592 -1.18086 1.36244 -1.70891
593 3.35806 -6.93808 -10.2609
594 -0.658152 0.861078 1.085
595 0.76594 0.43048 0.295684
596 -0.125964 1.85054 0.711161
597 0.0599301 -0.949983 -0.908222
598 0.67365 0.0965866 0.33483
599 0.701462 -0.503353 0.643883
600 -1.99168 0.379842 -1.06059
601 0.618681 0.742795 -0.608398
602 1.39518 -0.721594 1.99987
603 7.44266 -3.01172 13.1314
604 -7.05774 -0.0771724 -6.3067
605 -1.37546 2.69326 1.94046
606 -3.04837 1.43449 3.48929
607 -0.178236 1.60793 0.176599
608 -0.859809 -0.755228 -1.02229
609 0.910132 -0.898155 1.05995
610 -3.17473 0.531863 -2.00128
611 0.30591 -1.54873 -0.828801
612 -0.23289 -1.35905 0.137043
613 1.52489 2.81777 3.7808
614 -3.51433 6.64531 -5.8256
615 -2.84472 -0.575324 1.76703
616 0.0901879 -0.825415 0.417275
617 -0.125964 1.85054 0.711161
618 -4.0798 2.48607 3.04784
619 -0.493967 1.28617 1.01416
620 -1.16407 0.325783 0.352895
621 2.69507 1.69423 2.65753
622 -2.01726 -0.0173378 1.05936
623 -0.742945 2.27327 -1.55202
624 -4.15959 -1.52979 -5.32507
625 -1.56037 2.21547 1.29362
626 0.0542619 1.24686 -0.916691
627 -1.3348 -0.0331871 -0.841259
628 4.01719 6.14825 -8.86203
629 0.973441 1.70621 1.20037
630 -1.01132 8.53463 -0.70946
631 0.604467 -1.99562 -0.807105
632 -0.320843 -0.800803 -0.740318
633 0.469956 0.82857 -0.643375
634 0.862658 0.495989 0.275402
635 -6.07658 -16.4183 14.9866
636 -2.3667 1.21865 0.369828
637 1.78207 0.634675 1.04524
638 -2.14127 -1.68654 1.26596
639 -20.7787 32.8177 -54.8103
640 -1.32952 -0.35893 0.381929
641 -0.584146 -1.13294 0.624497
642 -2.18933 -1.96166 1.41179
643 0.444617 0.839041 -0.277025
644 -0.584146 -1.13294 0.624497
645 -1.15553 0.631809 -1.27224
646 0.705739 1.01896 0.610293
647 3.54379 -3.80258 -6.47487
648 -0.974464 -0.939797 1.20769
649 1.23459 -0.220822 -0.841115
650 -0.960778 -0.332322 -0.420428
651 -0.0323453 -0.665372 -0.493576
652 1.58945 -0.620776 1.03044
653 0.212935 0.758267 0.471259
654 -1.29241 0.897597 -0.101642
655 -0.578976 -0.437654 0.101524
656 1.93847 -1.89047 2.4226
657 0.130361 0.70763 0.189823
658 1.47307 0.836499 2.56865
659 -0.7505 -0.452202 -1.38792
660 0.87512 0.117936 0.338059
661 1.05249 0.564721 0.422329
662 1.33701 1.26191 1.49753
663 0.593205 -0.275741 0.530351
664 -0.694788 1.11113 1.01054
665 -0.848473 -0.0480573 0.316581
666 1.01957 0.891705 1.80265
667 -4.60398 -1.67682 3.01651
668 1.37867 0.20788 -1.17412
669 -2.34131 -1.21703 -2.31507
670 3.74365 2.0742 -3.01357
671 1.40915 -0.025894 -0.496896
672 -0.549269 0.850298 0.97349
673 0.680307 -1.30052 -0.0749893
674 -2.37849 2.30342 -2.06322
675 -0.0323453 -0.665372 -0.493576
676 0.470153 1.47718 -1.64987
677 1.40298 1.73312 -2.13858
678 3.74365 2.0742 -3.01357
679 1.20156 6.10181 -5.02895
680 1.89273 -0.0457863 -1.84177
681 -1.44318 0.280441 -0.310125
682 0.805599 -0.450814 0.477254
683 -1.18721 -0.397699 -0.13845
684 0.0131506 5.83999 5.20071
685 1.40298 1.73312 -2.13858
686 -2.14127 -1.68654 1.26596
687 0.0300581 -0.687589 0.0884477
688 -1.15846 0.300072 0.0507849
689 0.0118356 0.964292 -0.360239
690 -2.04551 0.796144 -1.11969
691 -9.63098 36.6299 -34.6233
692 1.52489 2.81777 3.7808
693 -1.10537 0.912101 -0.47091
694 -8.13938 1.30908 -5.69559
695 -0.7505 -0.452202 -1.38792
696 -0.679503 -0.209852 -0.590843
697 1.18173 0.420766 -0.158288
698 0.993534 -1.14668 0.247097
699 0.679432 -0.954263 -0.0537281
700 0.933359 1.39669 0.863775
701 0.213965 0.986677 0.927851
702 0.933712 -1.20289 2.42082
703 0.488366 1.60517 0.609905
704 -10.3445 20.7988 -17.1458
705 -0.601883 1.22361 0.0678066
706 -0.782452 -0.666372 0.345695
707 0.212935 0.758267 0.471259
708 0.0905618 -0.743642 0.48222
709 0.247517 0.962182 0.474148
710 1.89279 0.173114 -1.44753
711 -0.267314 0.802809 0.544671
712 -0.225431 -0.46765 -0.0812743
713 0.130361 0.70763 0.189823
714 -0.555221 -1.1765 -0.0992005
715 355.32 129.867 547.857
716 -1.35455 -0.602532 -0.0145039
717 2.51247 1.2509 -2.09485
718 0.937784 0.0678281 0.536998
719 -0.488228 -0.642198 0.630252
720 -0.344202 0.804897 0.0776049
721 2.05461 0.372522 1.08204
722 -8.56826 -3.77035 5.90183
723 16.9799 58.6687 -33.6172
724 0.951487 -1.49733 2.28493
725 0.217463 -0.796157 0.13409
726 -0.906503 -0.745289 -0.360607
727 -4.15461 -0.324543 2.25397
728 -1.40893 0.635452 0.210069
729 -0.458777 0.862347 0.14616
730 0.481573 -0.458702 -0.481109
731 1.97006 -1.89617 2.50534
732 -2.89424 0.18963 1.09028
733 6.98495 -4.70886 12.7807
734 -1.15249 -0.8169 -0.42433
735 0.217463 -0.796157 0.13409
736 -0.451861 -1.05768 -1.39225
737 1.61471 -0.992076 -2.08152
738 -0.520121 0.839725 0.949832
739 9.67587 -7.20024 -8.04834
740 -0.602825 -0.789099 -2.54431
741 -2.86258 4.06221 -3.26015
742 0.48386 -1.0315 -0.556247
743 0.0599301 -0.949983 -0.908222
744 0.926494 0.449424 -0.0691366
745 0.722501 -1.29291 0.0766765
746 1.93847 -1.89047 2.4226
747 1.00081 -0.0597909 1.16455
748 1.19063 0.295544 0.301094
749 -0.152135 0.82053 0.408517
750 -0.848473 -0.0480573 0.316581
751 2.45 0.505631 -2.62911
752 0.488255 0.419599 -0.0660034
753 0.0817506 0.793954 -1.16263
754 1.07421 -0.853619 0.352156
755 0.949771 5.11861 1.8141
756 0.287005 -0.527256 -0.192163
757 -0.33649 0.391152 0.452836
758 1.52489 2.81777 3.7808
759 0.437957 -1.45222 0.528222
760 7.96266 -13.9958 -11.516
761 -1.59555 0.640764 -1.90895
762 -1.37078 1.45301 -0.20049
763 -1.20632 0.99573 -0.186259
764 -7.05774 -0.0771724 -6.3067
765 0.0901879 -0.825415 0.417275
766 -0.586107 0.955245 -0.608171
767 1.67376 -0.573961 -1.76616
768 0.740295 0.129974 0.578638
769 0.721201 -0.292784 0.294033
770 0.0366147 -0.17212 0.648589
771 -2.23006 -1.75883 -2.1624
772 -0.988933 0.052379 -0.957908
773 3.03958 -0.356723 4.78512
774 0.463836 1.34164 0.395535
775 0.296736 1.50209 0.0447442
776 -0.0343014 0.894572 0.68008
777 -3.04017 -2.74168 5.37149
778 27.4774 -12.9144 -27.9991
779 -0.823218 0.801272 -0.241553
780 -0.687966 0.921871 0.560025
781 -1.59555 0.640764 -1.90895
782 -10.3445 20.7988 -17.1458
783 -2.72008 -1.6461 4.44367
784 0.544918 -0.602068 0.365117
785 1.18173 0.420766 -0.158288
786 158.411 -295.574 -237.848
787 -0.81082 -1.17525 1.33525
788 0.852256 -0.689614 0.871669
789 0.590606 -0.496194 -0.82657
790 -1.40893 0.635452 0.210069
791 -2.94045 -15.0258 13.8774
792 -2.49879 -0.97032 -1.36631
793 -1.48908 -0.695529 -0.586016
794 0.94636 -0.785887 0.464466
795 0.847722 0.159211 1.26415
796 -2.40177 1.64016 -2.08195
797 3.90562 1.7663 -2.1713
798 1.89273 -0.0457863 -1.84177
799 4.00999 -7.67428 6.75307
800 -0.0343014 0.894572 0.68008
801 6.36 2.83937 11.6023
802 -0.623037 1.03075 -0.846128
803 0.0740625 1.12716 -1.1067
804 0.926494 0.449424 -0.0691366
805 -0.303045 -1.02671 0.0868637
806 0.171467 -3.90095 -1.23011
807 1.58082 0.141256 1.61326
808 0.131652 0.753387 -0.015412
809 -0.678075 2.59939 -3.22338
810 -2.37849 2.30342 -2.06322
811 -1.03876 -0.286858 -0.337258
812 -0.800234 -2.98545 -2.79821
813 -2.37849 2.30342 -2.06322
814 0.342725 1.91579 2.59376
815 -1.21174 0.819678 -0.316739
816 -0.116488 2.26762 -1.17413
817 1.74859 4.07862 -2.22395
818 -2.89424 0.18963 1.09028
819 -0.988933 0.052379 -0.957908
820 1.37041 -0.81793 1.26676
821 0.0817506 0.793954 -1.16263
822 11.8314 -10.5291 25.0625
823 0.729117 3.08195 -1.98471
824 0.544918 -0.602068 0.365117
825 -0.661762 2.01064 0.901155
826 -0.728737 -0.587721 -1.32497
827 29.1893 -27.6798 -44.9456
828 -0.291585 -0.824259 -0.693185
829 -0.520121 0.839725 0.949832
830 -2.63939 0.0191843 -1.83228
831 -0.294002 1.03893 -1.31221
832 1.99778 -0.447691 2.14169
833 0.942459 -1.01482 -0.139256
834 1.08515 -6.87107 5.78569
835 -1.70173 0.106314 -0.285901
836 1.01053 -1.96313 2.23829
837 1.39034 -0.414243 -1.02133
838 -1.14942 -0.699179 -0.565792
839 0.38616 -2.44717 2.9548
840 0.233027 -1.57919 1.64915
841 0.171467 -3.90095 -1.23011
842 -5.08947 -0.590249 -2.82207
843 -0.7505 -0.452202 -1.38792
844 -1.95034 0.318666 0.810111
845 -1.74118 0.898843 0.222842
846 -0.0188282 1.21071 -0.13503
847 0.588651 -0.214339 0.652891
848 -0.590689 0.930045 0.297134
849 -0.939611 -0.272536 -0.114422
850 -1.70173 0.106314 -0.285901
851 -0.0323453 -0.665372 -0.493576
852 0.2908 2.63721 -1.85206
853 16.9799 58.6687 -33.6172
854 1.87492 -0.145343 -0.600281
855 0.922206 0.359857 -0.72698
856 1.49231 -3.07522 4.34899
857 -0.211788 -1.82646 -2.34558
858 -1.52371 0.193187 -0.844477
859 -3.61904 -0.859737 -0.611577
860 -0.686228 0.650459 0.580177
861 -1.69497 -0.234309 0.710252
862 0.708274 0.246307 0.396025
863 0.100458 -1.44319 0.881948
864 -1.88175 -0.189051 0.43506
865 -0.935724 -1.48511 2.27168
866 0.393735 0.747779 -0.302429
867 1.10076 -0.351208 1.73977
868 0.722501 -1.29291 0.0766765
869 2.19732 1.6169 1.89125
870 -3.62482 -2.5375 2.82614
871 -0.602561 0.122829 -0.14101
872 -0.284609 0.818411 -0.102336
873 -1.50817 -0.0889351 1.14188
874 0.19415 -0.846341 -0.493781
875 0.233027 -1.57919 1.64915
876 -3.06847 -3.46875 3.09746
877 -0.781629 -0.58077 0.805393
878 -12.9538 -2.80769 10.9874
879 0.614593 0.565504 -0.420633
880 -1.49794 1.88975 -1.20594
881 0.0599301 -0.949983 -0.908222
882 -0.0885848 -0.804241 0.446489
883 -2.73003 0.516705 2.59555
884 0.80478 -1.4241 -0.805311
885 -3.04837 1.43449 3.48929
886 0.584327 0.91712 0.55683
887 -1.26173 0.93262 1.62656
888 1.4121 0.233739 0.330082
889 -1.19123 -0.595875 -0.109917
890 -1.63643 0.395255 0.934614
891 -1.41565 3.3359 3.73904
892 0.0266176 0.999716 -0.694782
893 0.503917 -2.01341 1.2843
894 3.74365 2.0742 -3.01357
895 3.464 -3.12282 -3.81596
896 1.39882 1.20147 -0.83194
897 -0.555691 1.09238 -0.418692
898 -117.554 -65.254 -91.5001
899 -0.906364 1.56424 0.726857
900 -2.26806 2.07886 1.76002
901 1.60432 0.983746 2.68989
902 0.973441 1.70621 1.20037
903 0.959718 0.0626231 1.0319
904 0.767613 -5.45017 -3.36045
905 1.07421 -0.853619 0.352156
906 -0.950852 -0.363429 -0.0733879
907 0.847858 -0.157749 0.163034
908 -0.296661 -1.88677 -2.53574
909 1.90067 -0.242066 -2.1544
910 -1.20632 0.99573 -0.186259
911 1.18116 -0.58848 -1.38552
912 3.29701 1.49012 -2.09831
