-1.14085e+09 0 0 0
1 0.589779 0.750277 -0.60801
2 -0.300036 -1.04155 -0.0511688
3 1.14827 1.91582 1.40339
4 -11.1012 13.5866 -12.82
5 1.05732 0.935976 1.72844
6 0.922001 3.67247 -3.04704
7 0.840162 -4.5229 4.63764
8 -0.782184 -0.224108 -0.551653
9 -1.42637 -0.959528 -0.623895
10 1.09917 1.07691 0.013804
11 -0.532849 0.0453644 -0.109199
12 -1.32045 -0.201182 5.04122
13 -0.917217 1.9822 -1.76118
14 -7.45364 0.301314 4.74229
15 -1.48875 -0.507539 0.662162
16 1.39141 -0.849427 -1.82288
17 1.36106 -0.0275611 0.667412
18 0.582671 -0.524049 0.228539
19 1.93326 -0.016242 -1.95456
20 0 0 0
21 0.772315 -0.470118 0.955158
22 -0.798321 -0.141368 0.217867
23 0.850889 0.170128 0.659887
24 -2.88451 -2.19109 2.40344
25 0.736869 0.736822 0.898364
26 -1.6061 0.93511 1.06249
27 0.394955 1.77868 -0.750182
28 0.103349 0.92103 0.478594
29 -5.08631 -1.65378 -8.02232
30 -0.376678 1.49499 0.0182529
31 -2.49678 2.23155 -1.93815
32 -2.62568 -4.10725 3.12719
33 0.76439 0.464813 -0.378826
34 0.000191322 1.06808 1.11233
35 1.22296 0.912329 0.843356
36 -0.775632 -0.174927 0.881169
37 5.43717 12.7079 16.2019
38 0.0419545 -0.824317 -0.703764
39 0.789087 -0.480766 1.07858
40 0.0969533 -1.41753 1.67651
41 1.02845 0.580374 0.361354
42 0.577327 1.4096 -0.920166
43 -0.187567 5.43515 -3.4847
44 -0.264942 -0.731955 0.68966
45 -1.43061 -0.292961 -0.502408
46 1.22101 -0.357486 -0.275098
47 1.15586 -0.224595 -1.09571
48 -8.95454 -3.27659 -27.7111
49 -0.307928 1.71907 -0.595624
50 13.8751 -20.7163 26.1079
51 1.76188 -1.19707 0.524121
52 -0.245854 0.973195 0.674618
53 -0.469271 0.550517 0.131941
54 3.33102 1.42528 -1.87753
55 -5.22648 3.26109 4.09206
